200614
111312
178647
958976
644246
178243
690152
550439
878776
389357
148133
814649
770352
108323
130518
572045
617748
725751
157336
251833
175237
871762
212419
105923
233326
181232
406836
901139
182739
926862
165436
140117
898176
627549
381038
111514
177140
732243
167036
525541
971160
135124
146432
249947
176542
878877
385046
131217
654552
199655
783462
128935
171633
191336
541943
159239
395756
134627
365343
246133
573249
192641
467351
547046
144226
204521
318637
536647
966975
214019
180533
102816
178142
257845
360030
164636
115017
899885
192439
943862
872764
833249
380036
239136
724446
942658
169747
581450
221319
181636
859671
162935
187345
169444
169343
203418
118225
638049
134829
901442
429040
131722
126426
197348
346137
172130
283543
195041
104416
973770
393247
109123
186949
193845
201515
671855
116726
905147
818859
125525
100610
214524
825048
167440
115825
436845
320826
155938
177645
182436
102311
463040
751550
164131
352738
585256
826353
130114
158035
601127
173334
782561
562345
150423
145834
397760
146735
771354
552241
861456
146937
706040
789373
757764
146129
263436
200311
198653
401422
765864
951457
