# Train subjects
181636
167036
116726
878877
826353
109123
104416
627549
182739
927359
173334
134829
943862
137128
859671
155938
118225
871762
910241
814649
197348
102816
146129
393247
899885
169343
164131
783462
395756
108323
905147
789373
115825
135124
203418
550439
825048
145834
552241
162935
525541
239136
221319
175237
757764
782561
125525
212419
182436
233326
165436
601127
861456
198653
572045
771354
191336
380036
389357
833249
177645
770352
942658
463040
725751
547046
156334
818859
283543
180533
100610
144226
690152
724446
263436
131722
706040
680957
562345
196144
146432
654552
130114
178142
878776
581450
360030
381038
751550
257845
132118
176542
128935
214524
617748
971160
192641
732243
573249
966975
205220
214019
201515
130518
251833
436845
401422
178647
200210
536647
186949
102311
200311
177140
131217
644246
204521
191033
318637
429040
114823
178243
150423
159239
115017
195041
111514
397760
140117
146937
958976
249947
200614
385046
352738
192439
412528
671855
973770
638049
158136
169444
995174
585256
169747
172130
199655
901139
467351
926862
167440
209228
187345
185442
898176
177746
148133
158035
330324
171633
365343

# Dev subjects
105923
320826
157336
406836
541943
765864
146735
181232
169040
951457

# Test subjects
246133
872764
111312
346137
193845
164636
134627
191841
126426
901442
