# Train subjects
412528
233326
395756
872764
155938
175237
187345
131217
547046
771354
365343
380036
115825
201515
105923
393247
125525
732243
146129
263436
901442
164131
171633
958976
173334
159239
169343
182739
251833
146735
128935
246133
177140
861456
108323
320826
814649
169040
203418
429040
757764
214524
177746
352738
158136
818859
165436
200311
148133
130518
178142
573249
200210
782561
116726
239136
192439
145834
214019
654552
406836
585256
130114
770352
541943
436845
118225
385046
552241
167036
197348
156334
943862
905147
878877
951457
971160
859671
525541
193845
132118
638049
102816
191033
926862
109123
212419
100610
899885
196144
182436
176542
878776
209228
360030
167440
180533
192641
221319
724446
463040
536647
942658
397760
115017
150423
146937
765864
158035
200614
973770
995174
144226
283543
134829
330324
185442
114823
789373
346137
550439
627549
898176
205220
257845
389357
910241
871762
181636
126426
162935
901139
381038
199655
172130
140117
195041
164636
135124
104416
783462
169444
581450
927359
146432
467351
401422
833249
111514
178243
562345
102311
177645
134627
178647
181232
111312
966975
690152
204521
249947

# Dev subjects
186949
169747
706040
826353
825048
671855
751550
318637
131722
137128

# Test subjects
617748
191336
572045
725751
198653
601127
644246
191841
680957
157336
